0 5 1 1110 0.5
12 7 1.9 1107 5
24 11 2.8 1098 8
36 14 3.0 1095 11
48 17 3.4 1094 14
60 17 3.9 1088 17
72 18 4.3 1083 17
84 21 4.5 1081 18
96 25 5.2 1078 21
108 27 6.1 1067 25
120 29 6.4 1056 28
132 31 7.0 1043 30
144 35 7.2 1032 31
156 38 7.8 1017 35
168 41 8.3 1015 39
180 43 9.2 1001 41
192 47 9.5 995 43
204 50 10.4 992 47
216 53 11.2 986 51
228 56 12.1 973 54
240 58 12.8 966 57
252 60 13.4 959 59
264 61 14.3 953 61
276 64 15.2 944 62
288 68 15.3 941 64
300 72 16.1 939 68
312 72 16.3 934 72
324 75 16.8 926 73
336 75 16.8 912 75
348 77 17.5 904 75
360 77 17.7 902 78
372 77 18.3 893 77
384 81 18.4 885 77
396 82 18.9 882 82
408 84 19.4 871 82
420 88 20.2 863 85
432 92 20.3 850 88
444 95 20.4 848 93
456 95 20.5 838 96
468 96 21.4 834 96
480 97 22.1 821 96
492 100 22.9 812 97
504 102 23.3 800 101
516 106 24.2 796 102
528 110 24.8 789 107
0 5 1 1110 0.5
540 111 25.2 783 110
12 9 1.5 1108 5
552 115 25.5 773 112
24 9 2.4 1099 10
564 115 25.9 758 116
36 12 2.9 1094 10
576 119 26.4 747 116
48 12 3.3 1091 12
588 120 27.0 742 119
60 12 3.8 1076 12
600 123 27.7 730 121
72 16 4.2 1069 13
612 127 28.5 721 124
84 20 4.7 1064 17
624 127 29.2 712 127
96 24 5.4 1063 21
636 127 29.4 701 128
108 28 5.4 1062 24
648 130 30.0 688 128
120 30 5.9 1059 28
660 132 30.6 678 130
132 30 6.0 1056 30
672 135 30.9 665 133
144 30 6.4 1045 31
684 136 31.2 662 136
156 30 6.9 1039 30
696 139 32.0 654 137
168 33 7.4 1025 31
708 141 32.1 641 140
180 34 8.2 1010 33
720 141 33.0 631 142
192 34 8.4 1005 35
732 143 33.6 626 142
204 36 9.2 1000 35
744 143 34.3 613 143
216 40 10.2 987 37
756 146 35.2 603 144
228 44 10.4 974 40
768 150 35.6 602 147
240 46 10.5 973 45
780 154 35.8 597 151
252 47 10.9 969 46
792 156 36.3 595 155
264 48 11.7 961 48
804 158 36.5 589 157
276 49 12.2 952 49
816 162 37.1 584 159
288 50 12.2 949 50
828 166 37.1 581 163
300 53 13.0 940 51
840 170 37.8 573 166
312 53 13.1 929 53
852 170 38.5 560 170
324 57 13.6 919 54
864 173 39.0 554 170
336 60 13.8 907 57
876 175 39.1 543 173
348 64 14.6 899 61
888 178 40.1 532 175
360 66 14.9 888 64
900 182 41.0 528 179
372 70 15.0 875 67
912 183 41.3 513 183
384 70 15.9 863 71
924 185 41.4 510 184
396 74 16.2 857 71
936 188 41.8 509 185
408 76 17.1 842 74
948 188 41.9 505 189
420 80 18.1 829 77
960 191 42.0 504 189
432 83 18.8 825 80
972 191 42.3 494 191
444 84 19.7 811 83
984 193 42.9 483 191
456 86 19.9 805 84
996 195 43.4 470 194
468 88 20.6 804 87
1008 198 43.8 455 196
480 91 20.7 791 88
1020 200 44.7 441 199
492 93 21.0 787 92
1032 201 45.3 438 200
504 95 21.5 780 93
1044 203 46.0 436 201
516 98 21.7 768 96
1056 203 46.6 429 204
528 98 22.0 762 99
1068 204 47.5 421 204
540 102 22.5 756 98
1080 204 47.9 414 204
552 104 23.4 754 103
1092 206 48.1 409 205
564 107 23.5 750 105
1104 209 49.1 407 207
576 107 23.9 747 107
1116 209 50.0 392 210
588 110 24.7 746 107
1128 212 50.0 390 210
600 112 25.6 742 110
1140 215 51.0 379 213
612 115 26.3 729 113
1152 219 51.0 378 216
624 118 26.9 718 115
1164 222 51.4 364 219
636 119 27.8 710 119
1176 223 52.2 349 222
648 121 28.2 698 120
1188 227 52.7 335 223
660 122 28.8 688 122
1200 228 53.0 329 227
672 124 29.5 684 122
1212 231 53.1 318 228
684 128 30.1 678 124
1224 232 54.0 315 232
696 132 30.2 672 128
1236 234 54.9 311 233
708 132 30.7 665 133
1248 234 55.4 298 234
720 134 31.6 657 132
1260 235 55.9 294 234
732 135 32.4 656 135
1272 236 56.8 286 235
744 136 32.8 641 135
1284 236 57.4 285 236
756 140 33.2 639 137
1296 240 57.8 276 237
768 141 33.7 624 141
1308 242 58.2 263 240
780 145 34.2 612 142
1320 244 58.9 249 243
792 148 35.1 597 146
1332 244 59.5 241 245
804 150 35.9 592 149
1344 248 60.4 231 245
816 151 36.0 581 150
1356 248 61.2 218 249
828 152 36.5 575 152
1368 251 61.8 203 248
840 152 37.1 567 153
1380 252 62.8 192 252
852 156 37.8 558 153
1392 255 63.8 188 253
864 157 38.2 550 156
1404 257 64.1 181 256
876 157 38.8 537 157
1416 261 64.8 179 258
888 157 38.8 533 157
1428 263 65.5 168 261
900 160 39.2 522 157
1440 266 65.7 164 263
912 161 39.8 509 160
1452 267 65.8 161 267
924 163 40.2 496 161
1464 271 66.1 146 267
936 167 40.4 487 164
1476 274 66.5 136 271
948 171 40.9 473 168
1488 277 66.7 127 275
960 171 41.1 465 171
1500 279 67.1 122 278
972 175 41.3 458 172
1512 280 67.8 109 279
984 178 41.8 454 175
1524 284 68.3 95 280
996 180 41.9 442 178
1536 288 68.3 89 284
1008 183 42.5 436 180
1548 289 68.5 83 288
1020 187 42.9 421 184
1560 289 69.3 76 290
1032 190 43.7 408 188
1572 293 70.0 72 290
1044 190 44.6 404 191
1584 295 70.7 67 294
1056 193 45.0 392 191
1596 298 71.3 65 295
1068 196 45.5 381 193
1608 302 71.8 54 299
1080 200 46.1 379 197
1620 306 72.7 48 303
