0 5 1 1110 0.5
12 5 1.7 1106 5
24 9 2.3 1093 6
36 13 3.2 1091 10
48 17 3.3 1088 14
60 17 4.3 1073 17
72 17 4.6 1060 18
84 17 4.6 1058 17
96 18 4.7 1044 17
108 21 4.9 1029 19
120 22 5.4 1021 22
132 22 5.5 1019 22
144 24 5.9 1005 22
156 25 6.7 996 25
168 28 7.1 990 25
180 28 7.6 979 29
192 28 8.4 978 28
204 32 8.8 965 29
216 34 9.5 959 32
228 38 9.7 958 35
240 39 9.7 949 38
252 39 10.3 939 39
264 39 11.3 936 40
276 40 12.1 927 39
288 44 13.0 914 40
300 44 13.6 908 44
312 46 14.5 906 45
324 46 15.2 891 47
336 46 15.9 886 47
348 49 16.8 877 47
360 50 17.0 862 50
372 52 17.6 848 51
384 55 17.7 842 52
396 57 18.4 839 55
408 57 18.7 838 58
420 58 19.6 826 57
432 62 20.0 824 58
444 65 20.1 822 63
456 67 20.9 811 66
468 69 21.2 806 68
480 70 21.3 797 70
492 74 21.3 784 70
504 78 22.3 773 75
516 82 22.4 765 79
528 84 23.3 762 82
540 86 23.6 752 84
552 88 24.3 751 87
564 90 24.8 738 89
576 94 24.9 731 90
588 97 25.4 717 94
600 100 26.1 710 98
612 104 27.0 697 101
624 104 27.7 688 105
636 106 28.0 680 105
648 110 28.2 672 106
660 110 28.2 659 110
672 113 28.9 654 111
684 116 29.0 647 113
696 120 29.8 636 116
708 124 30.6 630 121
