0 5 1 1110 0.5
12 6 1.5 1105 5
24 7 2.5 1098 7
36 7 2.8 1086 8
48 9 3.0 1073 7
60 13 3.7 1071 10
72 15 4.2 1060 14
84 18 5.0 1057 15
96 19 5.0 1052 19
108 19 5.5 1039 20
120 23 6.4 1029 20
132 27 6.7 1022 23
144 31 7.3 1016 28
156 32 8.1 1001 32
168 33 8.6 1000 32
180 34 9.2 985 33
192 38 9.8 970 34
204 38 10.2 968 38
216 38 10.3 965 39
228 42 10.8 953 38
240 44 11.6 944 42
252 45 11.7 943 44
264 48 12.5 937 46
276 48 13.4 934 49
288 49 13.5 920 49
300 53 13.9 917 50
312 54 13.9 907 53
324 56 14.6 901 55
336 59 15.6 890 57
348 60 15.8 877 59
360 61 16.3 874 60
372 61 17.0 861 61
384 65 17.3 856 61
396 69 17.7 853 65
408 69 18.6 848 69
420 71 19.2 842 70
432 73 19.5 835 72
444 77 20.3 833 73
456 80 21.1 819 78
468 84 21.6 813 81
480 87 21.9 805 85
492 91 22.6 801 88
504 91 22.8 800 92
516 92 23.5 792 92
528 93 24.3 784 92
540 93 24.4 769 94
552 95 25.3 761 93
564 97 26.1 760 95
576 97 26.7 750 98
588 101 27.0 738 97
600 101 27.8 733 102
