0 5 1 1110 0.5
12 9 1.2 1103 6
24 10 1.3 1093 9
36 10 1.9 1090 11
48 14 2.2 1079 11
60 16 2.4 1066 15
72 19 2.6 1051 17
84 19 2.8 1038 19
96 19 3.2 1028 19
108 23 4.0 1022 19
120 25 4.5 1015 23
132 25 4.7 1001 25
144 29 5.0 986 25
156 33 5.5 972 30
168 37 5.8 962 33
180 37 6.3 961 38
192 37 6.4 946 38
204 37 7.3 942 37
216 37 8.2 941 38
228 37 8.7 927 38
240 41 9.2 912 37
252 43 9.8 903 41
264 45 10.5 901 44
276 46 11.3 887 45
288 47 11.7 882 46
300 51 12.7 867 47
312 55 12.7 852 52
324 55 13.3 848 56
336 55 14.0 846 56
348 58 14.4 841 55
360 61 14.9 833 59
372 61 15.0 818 61
384 61 15.9 804 62
396 65 15.9 791 62
408 68 16.0 777 66
420 71 16.7 776 69
432 74 17.3 773 72
444 75 17.7 759 75
456 79 17.8 746 76
468 81 17.9 737 80
480 82 18.2 725 81
492 86 19.1 710 83
504 90 20.0 706 87
516 90 20.5 694 90
528 91 20.8 684 91
540 92 21.8 683 91
552 94 22.6 681 92
564 98 23.5 671 94
576 99 24.3 664 99
588 100 24.5 660 99
600 102 24.7 652 101
612 102 24.7 641 103
624 104 25.4 631 102
636 107 25.7 617 105
648 110 26.0 604 108
660 110 26.5 595 111
672 111 27.3 585 110
684 114 27.5 572 112
696 115 27.6 559 114
708 117 27.8 545 115
720 119 28.8 534 118
732 119 29.4 519 119
744 119 29.8 516 120
756 120 30.5 504 120
768 123 30.7 492 120
780 125 30.9 478 123
792 128 30.9 468 125
804 130 31.8 464 128
816 130 32.3 449 131
828 133 32.8 439 131
840 135 33.5 425 133
852 137 33.6 419 135
864 141 34.5 417 138
876 141 35.2 413 141
888 141 35.5 399 142
900 144 36.1 392 141
912 146 36.1 379 144
924 149 36.3 367 147
936 150 37.2 362 149
948 151 37.7 360 150
960 154 38.0 346 151
972 154 38.3 335 154
984 157 38.6 322 154
996 160 38.8 307 158
1008 162 38.9 294 161
1020 162 39.5 286 163
1032 166 40.4 277 162
