0 5 1 1110 0.5
12 9 1.5 1098 6
24 11 2.1 1093 9
36 12 2.2 1085 12
48 12 2.6 1079 13
60 12 3.1 1067 13
72 12 4.0 1053 13
84 14 4.0 1050 13
96 18 4.8 1039 15
108 22 5.5 1038 18
120 23 5.8 1030 22
132 25 5.9 1020 24
144 26 6.9 1017 26
156 30 7.6 1005 27
168 31 7.8 1002 30
180 33 7.9 988 32
192 33 8.2 973 33
204 34 8.7 968 33
216 37 9.4 953 34
228 37 10.2 942 38
240 40 10.7 939 38
252 44 11.2 928 40
264 44 11.9 916 44
276 45 12.1 908 45
288 46 12.8 906 45
300 50 13.0 893 47
312 50 13.0 883 50
324 50 13.0 882 50
336 51 13.5 872 51
348 54 13.5 871 51
360 57 14.1 867 55
372 59 14.8 854 58
384 62 15.1 850 60
396 66 15.4 838 62
408 70 15.9 823 66
420 73 16.0 811 71
432 75 16.1 804 74
444 76 16.4 797 76
456 80 16.7 785 77
468 84 16.9 776 80
480 88 16.9 764 84
492 90 17.1 752 89
504 94 17.2 749 90
516 95 17.2 743 94
528 98 17.4 741 96
540 98 18.1 740 99
552 99 19.0 732 99
564 100 19.3 729 99
576 102 19.6 725 100
588 106 19.7 715 103
600 110 20.4 706 107
612 113 21.1 697 111
624 114 21.9 692 113
636 114 22.3 677 115
648 115 22.5 670 114
660 117 23.3 655 116
672 120 23.9 648 118
684 120 24.6 645 121
696 122 25.5 636 121
708 124 25.8 622 122
720 127 26.5 619 124
732 128 26.9 617 127
744 132 27.8 604 128
756 132 28.2 599 132
768 133 28.9 584 132
780 136 29.0 580 134
792 136 29.4 578 137
804 138 30.3 576 137
816 139 31.0 564 138
828 143 31.9 560 140
840 145 32.2 557 143
852 149 32.5 548 146
